              precision    recall  f1-score   support

           0       0.98      0.70      0.82       600
           1       0.83      0.98      0.90       391
           2       0.91      0.98      0.95       600
           3       0.88      0.96      0.92       600
           4       0.97      0.87      0.92       600
           5       0.88      0.92      0.90       600
           6       0.92      0.81      0.86       600
           7       0.90      0.99      0.94       600
           8       0.00      0.00      0.00         2
           9       0.00      0.00      0.00         7
          10       0.99      0.98      0.98       600
          11       0.90      0.99      0.94       600
          12       0.63      0.89      0.73       294
          13       0.00      0.00      0.00         4
          14       0.00      0.00      0.00       131

    accuracy                           0.89      6229
   macro avg       0.65      0.67      0.66      6229
weighted avg       0.88      0.89      0.88      6229
