              precision    recall  f1-score   support

           0       0.95      0.85      0.89       600
           1       0.90      0.94      0.92       391
           2       0.96      0.99      0.98       600
           3       0.98      0.99      0.98       600
           4       0.98      0.97      0.97       600
           5       0.95      0.97      0.96       600
           6       0.96      0.92      0.94       600
           7       0.98      1.00      0.99       600
           8       0.00      0.00      0.00         2
           9       0.00      0.00      0.00         7
          10       0.99      0.98      0.98       600
          11       0.90      0.99      0.94       600
          12       0.65      0.89      0.75       294
          13       0.00      0.00      0.00         4
          14       0.00      0.00      0.00       131

    accuracy                           0.94      6229
   macro avg       0.68      0.70      0.69      6229
weighted avg       0.92      0.94      0.93      6229
